619 1
0 38 10 123723
1 38 1 8647
2 38 38 10797
3 38 33 1054
4 38 39 8467
5 38 16 733
6 38 31 19
7 38 4 180
8 38 32 138
9 38 8 817
10 38 21 124
11 38 22 89
12 38 37 103
13 38 24 8
14 38 20 21
15 38 34 112
16 38 5 25
17 38 3 5
18 38 11 9
19 38 41 5
20 38 0 9
21 38 18 3
22 38 12 1
23 38 40 1
24 10 38 93054
25 10 1 16634
26 10 16 1287
27 10 39 14690
28 10 34 89
29 10 10 2364
30 10 33 1316
31 10 18 13
32 10 8 1084
33 10 4 290
34 10 31 48
35 10 24 34
36 10 22 28
37 10 37 58
38 10 0 17
39 10 5 47
40 10 21 131
41 10 32 52
42 10 20 1
43 10 41 11
44 10 6 3
45 10 11 4
46 10 3 8
47 10 12 7
48 10 15 1
49 10 29 3
50 10 26 2
51 10 23 4
52 10 9 1
53 1 16 67855
54 1 1 31195
55 1 38 11277
56 1 33 1081
57 1 4 6618
58 1 3 2510
59 1 8 669
60 1 10 1154
61 1 31 73
62 1 27 168
63 1 22 70
64 1 17 32
65 1 39 228
66 1 37 49
67 1 24 9
68 1 5 20
69 1 41 6
70 1 32 82
71 1 20 2
72 1 12 9
73 1 29 5
74 1 18 2
75 1 0 25
76 1 40 1
77 1 15 1
78 1 19 1
79 16 1 57822
80 16 4 4617
81 16 38 4844
82 16 3 2916
83 16 33 722
84 16 31 228
85 16 16 1630
86 16 27 396
87 16 10 545
88 16 0 87
89 16 39 96
90 16 8 413
91 16 37 35
92 16 24 12
93 16 5 16
94 16 15 5
95 16 29 3
96 16 17 33
97 16 32 12
98 16 22 7
99 16 12 3
100 16 20 2
101 16 23 8
102 16 41 10
103 16 18 4
104 8 33 30903
105 8 38 7188
106 8 37 4211
107 8 1 701
108 8 5 108
109 8 36 56
110 8 8 2900
111 8 24 277
112 8 12 611
113 8 16 114
114 8 0 47
115 8 10 669
116 8 41 132
117 8 39 73
118 8 40 123
119 8 19 206
120 8 31 116
121 8 29 5
122 8 23 136
123 8 22 7
124 8 9 13
125 8 18 28
126 8 14 9
127 8 6 3
128 8 32 7
129 8 4 8
130 8 26 3
131 8 15 2
132 8 25 1
133 8 30 1
134 33 8 36740
135 33 37 1571
136 33 33 753
137 33 38 953
138 33 36 67
139 33 5 46
140 33 22 13
141 33 1 408
142 33 19 110
143 33 31 91
144 33 4 12
145 33 10 120
146 33 12 46
147 33 16 45
148 33 9 15
149 33 24 30
150 33 0 19
151 33 32 12
152 33 39 18
153 33 29 4
154 33 41 12
155 33 23 10
156 33 14 5
157 33 26 2
158 33 18 10
159 33 40 8
160 33 20 1
161 33 15 2
162 4 1 5499
163 4 16 1563
164 4 38 3271
165 4 39 353
166 4 4 313
167 4 3 35
168 4 37 55
169 4 33 248
170 4 10 253
171 4 0 40
172 4 12 2
173 4 8 144
174 4 29 16
175 4 5 3
176 4 31 70
177 4 18 3
178 4 15 9
179 4 22 3
180 4 26 1
181 4 17 3
182 4 24 8
183 4 27 6
184 4 32 3
185 37 33 1752
186 37 8 2270
187 37 39 139
188 37 38 1210
189 37 5 31
190 37 10 141
191 37 4 32
192 37 37 117
193 37 41 28
194 37 24 64
195 37 12 117
196 37 14 23
197 37 32 4
198 37 1 88
199 37 26 11
200 37 40 23
201 37 23 50
202 37 29 10
203 37 6 4
204 37 19 6
205 37 16 30
206 37 31 36
207 37 0 19
208 37 18 12
209 37 15 1
210 37 25 1
211 37 36 10
212 37 22 2
213 37 20 1
214 37 3 1
215 3 27 296
216 3 16 1806
217 3 1 3170
218 3 4 68
219 3 38 55
220 3 17 25
221 3 0 1
222 3 3 3
223 3 10 9
224 3 8 7
225 3 33 10
226 3 31 6
227 27 33 397
228 27 8 158
229 27 4 124
230 27 1 99
231 27 15 1
232 27 16 16
233 27 0 4
234 27 37 6
235 27 5 1
236 27 12 6
237 27 31 15
238 27 38 4
239 27 24 2
240 27 3 1
241 27 10 1
242 27 17 2
243 27 22 1
244 27 40 1
245 27 23 1
246 39 10 2369
247 39 38 15466
248 39 1 3482
249 39 4 504
250 39 39 566
251 39 8 264
252 39 33 368
253 39 37 98
254 39 16 604
255 39 32 23
256 39 20 16
257 39 0 9
258 39 6 1
259 39 5 14
260 39 22 41
261 39 3 17
262 39 34 1
263 39 29 2
264 39 24 6
265 39 26 1
266 39 18 5
267 39 31 14
268 39 41 2
269 39 21 1
270 39 15 3
271 32 38 784
272 32 1 97
273 32 22 1296
274 32 20 170
275 32 33 34
276 32 10 72
277 32 32 41
278 32 7 6
279 32 39 12
280 32 16 17
281 32 8 27
282 32 12 1
283 32 0 2
284 32 31 2
285 32 41 3
286 32 24 1
287 32 5 2
288 32 4 1
289 34 38 120
290 34 10 59
291 34 21 16
292 34 39 3
293 34 33 2
294 34 1 1
295 31 1 50
296 31 0 1481
297 31 38 28
298 31 29 147
299 31 2 32
300 31 15 265
301 31 24 4
302 31 31 40
303 31 33 49
304 31 8 22
305 31 10 5
306 31 23 1
307 31 22 2
308 31 16 5
309 31 5 4
310 31 37 1
311 31 28 2
312 31 32 1
313 0 31 1063
314 0 8 158
315 0 1 177
316 0 33 96
317 0 29 253
318 0 16 25
319 0 15 44
320 0 10 6
321 0 4 2
322 0 41 1
323 0 38 23
324 0 37 6
325 0 5 6
326 0 0 8
327 0 2 9
328 0 24 3
329 0 12 2
330 0 32 2
331 0 22 1
332 5 18 933
333 5 6 38
334 5 33 34
335 5 38 37
336 5 5 25
337 5 1 9
338 5 16 1
339 5 8 19
340 5 30 46
341 5 41 1
342 5 31 1
343 5 0 1
344 5 10 2
345 5 37 1
346 18 38 148
347 18 8 22
348 18 6 134
349 18 5 678
350 18 10 14
351 18 18 43
352 18 30 11
353 18 33 48
354 18 24 5
355 18 1 3
356 18 37 4
357 18 39 1
358 18 41 5
359 18 12 1
360 18 0 1
361 18 21 1
362 22 32 1596
363 22 20 57
364 22 1 19
365 22 38 71
366 22 7 4
367 22 22 13
368 22 10 9
369 22 33 11
370 22 8 8
371 22 35 1
372 36 8 29
373 36 33 52
374 36 38 29
375 36 1 3
376 36 16 1
377 36 37 13
378 36 10 1
379 24 41 1415
380 24 33 36
381 24 1 8
382 24 38 5
383 24 24 12
384 24 13 21
385 24 37 3
386 24 26 27
387 24 42 4
388 24 34 1
389 24 29 1
390 24 8 6
391 24 0 1
392 24 5 1
393 24 18 1
394 41 38 106
395 41 41 95
396 41 13 87
397 41 24 926
398 41 33 283
399 41 26 200
400 41 31 17
401 41 8 57
402 41 18 5
403 41 37 7
404 41 1 6
405 41 10 15
406 41 5 8
407 41 0 1
408 41 12 2
409 41 32 2
410 41 39 1
411 41 16 1
412 41 15 1
413 21 38 88
414 21 33 77
415 21 1 16
416 21 39 21
417 21 40 1
418 21 10 40
419 21 8 22
420 21 31 2
421 21 29 1
422 21 16 1
423 12 1 13
424 12 40 328
425 12 23 2716
426 12 25 673
427 12 0 2
428 12 12 22
429 12 33 84
430 12 8 16
431 12 14 108
432 12 4 1
433 12 37 4
434 12 38 10
435 12 24 3
436 12 39 1
437 12 31 6
438 12 10 1
439 12 41 2
440 12 5 1
441 12 16 1
442 20 22 52
443 20 32 77
444 20 38 93
445 20 8 3
446 20 39 5
447 20 33 9
448 20 37 1
449 20 31 1
450 20 10 11
451 20 4 1
452 20 16 2
453 20 1 1
454 13 33 77
455 13 26 16
456 13 24 7
457 13 41 2
458 13 38 1
459 13 12 3
460 13 42 2
461 40 23 960
462 40 12 46
463 40 33 2
464 40 14 1
465 23 12 2801
466 23 40 507
467 23 8 69
468 23 23 10
469 23 33 190
470 23 1 23
471 23 25 213
472 23 14 172
473 23 38 7
474 23 5 3
475 23 37 4
476 23 0 3
477 23 31 7
478 23 9 2
479 23 16 6
480 23 10 1
481 23 41 3
482 23 24 2
483 25 8 52
484 25 12 263
485 25 33 297
486 25 23 125
487 25 14 100
488 25 31 11
489 25 24 2
490 25 0 3
491 25 38 8
492 25 37 1
493 25 40 3
494 25 16 1
495 25 1 2
496 25 10 1
497 6 5 60
498 6 38 34
499 6 33 24
500 6 18 32
501 6 8 6
502 6 37 5
503 6 6 2
504 6 39 3
505 6 10 11
506 6 19 1
507 6 26 1
508 6 1 1
509 6 30 1
510 6 24 1
511 6 16 1
512 19 33 150
513 19 8 122
514 19 37 35
515 19 9 2
516 19 38 3
517 19 31 7
518 19 1 3
519 19 0 1
520 19 12 1
521 29 0 88
522 29 1 67
523 29 31 165
524 29 8 71
525 29 33 68
526 29 37 17
527 29 15 10
528 29 29 9
529 29 16 26
530 29 38 11
531 29 4 5
532 29 3 2
533 29 24 1
534 29 5 3
535 29 10 1
536 2 31 17
537 2 29 9
538 2 33 10
539 2 0 2
540 2 15 2
541 17 4 46
542 17 1 21
543 17 12 1
544 17 33 13
545 17 37 1
546 17 3 1
547 17 0 1
548 17 27 5
549 17 16 5
550 17 31 1
551 17 8 1
552 26 41 57
553 26 8 24
554 26 24 76
555 26 26 5
556 26 33 66
557 26 37 8
558 26 38 19
559 26 39 2
560 26 0 2
561 26 18 1
562 26 16 1
563 26 1 2
564 26 10 3
565 26 36 1
566 26 31 1
567 15 31 124
568 15 33 76
569 15 8 24
570 15 15 3
571 15 0 14
572 15 29 98
573 15 1 2
574 15 12 1
575 15 18 1
576 15 2 1
577 14 12 142
578 14 23 37
579 14 37 22
580 14 33 125
581 14 1 6
582 14 8 42
583 14 29 2
584 14 40 11
585 14 31 3
586 14 9 1
587 14 10 1
588 14 16 1
589 14 25 1
590 14 38 2
591 14 14 4
592 14 7 1
593 14 0 1
594 14 4 1
595 7 22 5
596 7 33 1
597 7 8 1
598 7 12 1
599 7 32 3
600 9 33 19
601 9 37 7
602 9 8 4
603 9 19 3
604 30 5 39
605 30 18 16
606 30 33 3
607 30 6 1
608 11 1 2
609 11 33 1
610 11 39 6
611 11 38 4
612 42 31 1
613 42 26 2
614 42 41 2
615 42 13 1
616 35 22 1
617 28 0 1
618 28 31 1
