43	4
0 4 0 826 1004
1 3 4 54712 45223
2 4 3 31 33
3 3 1 3518 3691
4 3 7 7267 7039
5 5 4 616 504
6 5 7 137 162
7 0 2 10 11
8 10 0 15203 19792
9 10 3 30 29
10 1 0 33831 46606
11 1 3 12 12
12 7 4 1832 1733
13 6 2 107 105
14 7 7 302 310
15 4 2 225 207
16 3 0 23097 27655
17 3 3 89 91
18 5 0 467 564
19 10 2 260 255
20 0 7 209 204
21 1 2 239 240
22 0 4 914 923
23 7 0 1469 1600
24 6 4 880 672
25 7 3 635 721
26 6 7 192 222
27 3 2 801 772
28 4 1 2 2
29 4 7 333 359
30 5 2 45 43
31 4 4 1277 973
32 0 0 1172 1794
33 10 4 15071 11874
34 1 1 153 153
35 0 3 1 1
36 10 1 115 112
37 10 7 3634 4130
38 1 4 58685 48600
39 1 7 12082 12038
40 7 2 544 334
41 6 0 875 1107
42 6 3 6 6
